>> principal_components('prblema2.txt')

scores =

   -0.8271    0.3436   -0.5601   -0.7982    1.5691    1.7310   -0.7999    0.8826
    0.3088   -1.6088   -1.0180   -1.8358   -0.8247   -0.3799   -0.4233   -1.0819
    1.0213   -0.1939   -0.7431    0.0714   -0.1584   -0.5547   -0.6872    0.6379
   -1.3552    1.3591    0.6017   -0.2604   -1.3549   -0.6637    0.2709    0.2761
    0.9120   -0.4897    0.2421   -0.7259   -0.4362    0.3481   -0.6646    0.5956
   -1.1209   -0.8670    0.9803   -0.4103   -0.0317   -0.4866    0.2395    0.3720
   -1.1124   -0.0922   -0.5182    0.1514    1.1495    0.5590   -0.6175    0.0459
   -0.2666    3.0447    0.5655   -0.0399    0.0872    0.7285    1.3069   -0.7611
    1.2953   -0.2730   -0.0911   -0.9871    1.5277    0.8633    0.5699    0.5336
   -1.6412   -0.2036   -0.0992   -0.1398   -0.8899    0.2490   -0.2081    0.3174
    0.3421   -1.2341   -1.0334    0.2992   -0.3054    1.3720   -0.3423    0.3325
   -0.2520   -1.1849    0.4854    0.2223   -0.1023   -0.3883    0.2446   -0.8458
   -1.0725   -0.9958   -0.2984   -1.2509   -0.4962    0.7759   -0.1473   -0.4863
   -0.0585   -1.3445    0.5795   -0.5819   -0.4259   -0.7347    0.3392    0.3684
   -1.0146   -0.5140   -0.0045   -0.1828    1.6923    0.6907   -0.4262   -0.1948
   -0.5152   -0.1521    0.6726   -0.8984   -0.3180    0.3966   -0.3439    0.0172
   -2.1899    0.0012   -0.0345   -0.6943    0.2977    0.4718   -0.5992    0.1178
   -0.3838    3.2461   -0.0498    0.2538   -0.3420    0.4926    0.8710   -0.4222
   -1.5571   -0.6103   -3.5183    0.2920    1.1121   -1.6990    0.6011    0.1951
    0.7800   -0.7437    1.8925    0.2535   -0.4001   -0.2715    0.0948    0.4680
   -0.4208   -1.3141   -0.9464   -0.1869   -1.2536    0.7645   -0.4898   -0.8653
    0.1689    1.9184    0.1219   -0.5186    1.1921   -0.5520   -0.3206   -0.3319
   -1.7463   -0.9584    0.3419   -0.3274   -0.0603    0.9477    0.3239    0.7620
   -4.9894   -0.2957   -2.0740   -0.6254   -2.1801    0.0023    0.2429    0.7165
   -1.6169   -0.5995    1.0113   -0.5207    0.0810    0.2081   -0.1012    0.1636
    2.1131   -1.5810   -2.0799    3.2490    1.6803   -0.2012   -0.1074    1.3093
    2.1978   -1.2811   -0.4832    1.6061    0.2048   -0.1044   -0.1358   -0.3997
    1.0793   -0.1430   -1.6558   -0.6826    0.1328    0.0785    0.1159    0.1085
   -0.6607   -0.2259    3.1282    1.3594   -1.0936   -1.1997    0.4479   -1.2831
    1.1880    2.0454    1.1586   -0.3610   -0.3137   -0.9036   -0.7802    1.1151
    3.1615   -1.6122    0.9703    0.6824    1.0128   -0.5275   -1.1393   -1.2200
    1.7128    0.3293    0.4336   -0.1852   -0.9468   -1.0022    0.4345    0.6161
    0.4835   -2.1353    0.7524    0.2278    0.1352   -0.8065    0.3821    0.3246
   -0.0136    0.7503   -0.8680    0.6686    1.4553    0.5096   -0.7286    0.1344
    0.4472    2.0188   -0.5438   -0.0815    1.0888   -0.6226   -1.5192    0.3119
   -1.0472   -1.1913    0.4419    0.2187   -0.1500   -0.0611    0.1321   -0.0147
   -2.6895   -0.0916   -1.9892    0.5470   -0.6420   -2.0967    0.2302   -0.4934
   -0.9375   -0.5801   -0.1687    0.6437   -0.0195    0.9273    0.0160   -0.3225
   -2.2864   -0.4593   -0.1130   -0.5333    0.5117    0.3783   -0.2282   -0.1342
    0.2711    1.1928    1.0481    0.4287   -0.2212   -0.4871    1.1471   -0.1539
    0.4324   -1.6018    0.2076    0.5009   -0.4073   -0.4695   -0.2402   -0.5361
    0.5531   -0.3851    0.7909   -0.5111   -0.3724   -0.3527   -0.1751    0.8054
   -0.1211   -1.3239    0.0686    0.1000   -0.1165   -0.8928   -0.0301   -0.3049
    2.3909    1.9066   -1.3724    1.8401   -1.0044   -0.0546   -0.6243    0.3113
   -0.1944    2.0070    0.0625    1.8001   -0.1646    1.2386   -1.7167    0.1265
   -0.0139   -0.4017    1.9642   -0.2723    0.2886   -0.1906   -0.5252   -0.4844
   -0.0454   -0.3306    1.2590    0.2829   -0.0454   -0.8591   -0.2477    0.3964
   -0.2218   -0.4299    0.2741    0.7968    1.8943   -0.2033   -0.9582   -0.7649
    1.4178   -1.3512   -0.8063   -1.5446   -1.2774    0.9455    0.0034   -0.2143
   -1.0921   -0.0266   -1.1975    0.0500    1.2436    0.1628    0.0160    0.0359
    0.4704    0.1096   -0.0290   -0.3853   -0.1757    0.6021   -0.3199   -0.6548
   -0.6351   -1.2549   -1.3446    0.8267   -0.3467    0.8907   -0.6547   -0.7651
    0.7181   -1.3565    0.2723   -0.2151    0.0446    0.3509   -0.1154   -0.4302
   -0.3562    0.1065    0.3793    0.5441   -0.3532    0.3302    0.3353   -0.7009
   -0.7034    0.3453    1.4962    0.1991    1.3008   -0.6885    1.2349   -2.0845
    1.0578   -1.5840    1.3090   -0.8131   -0.2648   -0.3974    0.1842    0.4066
   -1.0771    1.4594   -0.2231    0.6952    0.1675    1.0649    1.2650   -0.6574
   -0.8363    0.4692   -0.0034   -0.0419    1.0226   -0.2601   -0.5475   -0.3823
   -1.7371   -0.2958    0.2647   -0.5864    0.8832   -0.0126   -0.5010   -0.3299
   -1.7674   -1.7965    2.4812    1.2845   -1.1897   -0.5578    0.4453   -0.7016
    1.3749   -1.9109   -0.1776    0.3732    0.0309    0.6138   -0.1180   -0.1775
   -0.1817   -1.0410   -0.2357   -0.1554    0.1530   -0.1777    0.1908   -0.1892
    2.7784   -2.0519    0.2504    0.3266    1.4112   -1.1220    0.3560    0.7627
   -0.1088    1.3902   -1.1476   -0.9911    1.5059    0.2001   -0.8857    0.8680
   -2.1443   -0.3698   -0.3987   -0.7671   -0.2339   -0.2489   -0.1419    0.6247
   -0.2531   -1.6776   -0.4042    2.4391   -0.4069   -0.3508    0.0219   -0.2169
    0.7257    3.3367   -0.0219   -0.7644   -1.5915    0.4591   -0.2495    0.5718
   -0.7697   -1.1402    0.0276   -0.3600   -0.0889   -0.6369   -0.0224    0.2144
    0.8227   -1.1471   -0.0373    1.1588   -0.7062   -0.5091   -0.2071    0.5794
   -2.2534   -0.4255   -0.2232   -0.0771    0.4373    0.8259    0.1246   -0.2199
   -2.3054   -1.4339    2.3431    0.9509   -1.0821    0.1464    0.0944   -1.1501
    0.6416    0.1835    0.4041    0.4926   -1.4388    0.0665   -0.6738    0.7328
    3.1144    1.7004   -1.4428   -0.9079   -0.4712    0.0644    0.2848   -0.1027
    0.9730    1.3247    1.5329   -0.3555    2.2985   -0.0522   -0.6660   -0.9012
   -1.0847    1.9118   -0.2478    0.1103   -0.3480   -1.0370   -0.4196   -0.4093
    0.9169   -1.3683   -0.2640    1.7683    0.5767   -0.7713   -0.0293    0.9499
   -0.7354   -0.6210   -0.2547    1.1404    0.3274    0.5822    0.6323    0.2038
   -0.5559    2.1798   -0.5235    1.1089   -0.0458    0.7209    0.8921   -0.5374
   -0.6034   -1.3298   -1.0040    0.7064   -0.5466    0.5148   -0.1541   -0.0862
    3.3183    0.1298   -0.6468   -0.2878   -0.8530    0.4144   -0.5313   -0.0195
    1.2381   -1.4770    0.7720    2.1923    0.2607   -0.8851    0.4996   -0.4866
   -1.8910   -0.3958   -0.0664    0.5279    0.4062    0.2411   -0.5018   -0.4517
   -0.1519    2.4882    0.4739   -0.4498    0.5800    0.6115    0.0881   -0.2123
    1.0010    0.9104    1.0397    0.0379   -0.1873    0.1054    0.0633    1.3721
    2.3268    0.4935   -0.2993   -2.2529   -1.8677    1.2754   -0.5454   -1.4734
   -3.1539   -1.4507    1.7239    0.4950   -1.4725   -0.6042    0.5071   -0.8880
    1.1672    0.0636    0.8339   -0.5521   -0.1794   -0.0133    0.1261    0.7914
    0.4184    0.7130    0.1994   -0.7165    2.3057   -0.9754   -0.5324   -0.5387
    3.4765    1.1550   -2.1059   -1.4373   -2.3182    0.6665    0.4553   -0.8214
   -1.7975    1.1594    1.0127   -0.4220   -0.2531    0.6563   -0.5527   -0.3080
    1.0069   -1.7285   -1.3526   -1.0634    0.7149   -0.5311    0.1651    0.7607
    2.4659   -0.5529    0.5890   -0.7168    0.3999   -0.3989    1.3717   -0.2340
    0.1899    0.7328    0.3869    0.1152   -0.1310    0.2196    0.3266    0.6092
   -0.3655    2.5795    0.3134    0.9823   -1.4747    0.0326    0.4018    0.1843
   -1.4706   -1.0867    0.4225   -0.6143    0.1651    0.1218    0.5012    0.6187
   -1.5661   -0.1606   -0.6468    0.7073    0.6853    0.8575    0.3019   -0.3286
